   36Pop001      0.000000  0.002852  0.064471  0.059833  0.056312  0.150728    0.130142  0.144683  0.111206  0.134768  1.073713  1.066716  1.028354    1.077839  0.805786  0.847685  0.980881  1.111618  0.653106  0.690147    0.796134  0.780442  0.830695  0.803048  0.825350  0.640370  0.625511    0.542848  0.504697  0.514621  0.506826  0.682301  0.633425  0.670816    0.562258  0.509289Pop002      0.002852  0.000000  0.076306  0.071709  0.067630  0.149460    0.128151  0.140830  0.110876  0.128791  1.035847  1.029155  0.990306    1.056157  0.772387  0.801921  0.949522  1.073272  0.656342  0.675006    0.782033  0.765000  0.815298  0.786322  0.795789  0.647362  0.602809    0.512959  0.480634  0.492852  0.484112  0.661663  0.608146  0.644184    0.526503  0.475555Pop003      0.064471  0.076306  0.000000  0.002349  0.003626  0.152776    0.139025  0.180220  0.144812  0.168132  1.215806  1.201348  1.173644    1.139416  0.938460  1.034659  1.087601  1.212548  0.716502  0.774584    0.849675  0.830080  0.895371  0.861834  0.902846  0.654459  0.708413    0.743437  0.679497  0.701155  0.704801  0.846582  0.818960  0.855293    0.637624  0.608612Pop004      0.059833  0.071709  0.002349  0.000000  0.000929  0.136490    0.120677  0.161395  0.126528  0.149881  1.187125  1.168438  1.143124    1.109690  0.908310  1.005929  1.057268  1.165667  0.700111  0.751621    0.818749  0.802455  0.864529  0.838075  0.877525  0.634652  0.689735    0.706540  0.648844  0.673797  0.674860  0.836693  0.802404  0.842156    0.603389  0.571164Pop005      0.056312  0.067630  0.003626  0.000929  0.000000  0.130123    0.114074  0.152175  0.117900  0.140352  1.136416  1.121745  1.093095    1.062189  0.870465  0.970889  1.012946  1.134971  0.659185  0.709086    0.787096  0.770191  0.830258  0.808893  0.845297  0.604673  0.671043    0.690908  0.631799  0.655302  0.656531  0.817624  0.787006  0.824490    0.584321  0.554133Pop006      0.150728  0.149460  0.152776  0.136490  0.130123  0.000000    0.019552  0.026850  0.023533  0.019686  0.554739  0.549742  0.535676    0.531553  0.416652  0.500463  0.494868  0.569597  0.360931  0.353657    0.412047  0.405771  0.426817  0.435022  0.445897  0.354811  0.350042    0.332839  0.320741  0.358121  0.364088  0.594893  0.567853  0.583809    0.323145  0.268180Pop007      0.130142  0.128151  0.139025  0.120677  0.114074  0.019552    0.000000  0.020000  0.021101  0.018806  0.688463  0.669910  0.660382    0.657121  0.507977  0.586730  0.609306  0.682051  0.422722  0.404591    0.494529  0.487981  0.516717  0.529000  0.534862  0.409621  0.374834    0.334842  0.319949  0.354259  0.348765  0.614643  0.580769  0.604753    0.342125  0.278976Pop008      0.144683  0.140830  0.180220  0.161395  0.152175  0.026850    0.020000  0.000000  0.018680  0.010134  0.592806  0.590264  0.577053    0.563631  0.446330  0.522439  0.530827  0.619880  0.379013  0.369796    0.452178  0.446481  0.467729  0.486746  0.490686  0.380026  0.317640    0.278730  0.274388  0.311887  0.311159  0.544982  0.507228  0.524082    0.301675  0.246777Pop009      0.111206  0.110876  0.144812  0.126528  0.117900  0.023533    0.021101  0.018680  0.000000  0.011975  0.547102  0.548512  0.526210    0.551824  0.420631  0.502722  0.505089  0.573311  0.325474  0.344774    0.411728  0.407710  0.426729  0.449187  0.454835  0.332636  0.418277    0.353380  0.337298  0.365151  0.359605  0.614212  0.567076  0.597671    0.364614  0.308827Pop010      0.134768  0.128791  0.168132  0.149881  0.140352  0.019686    0.018806  0.010134  0.011975  0.000000  0.577437  0.578476  0.556865    0.567146  0.441218  0.517932  0.525342  0.606352  0.371171  0.368164    0.452590  0.443788  0.466698  0.460312  0.458372  0.387860  0.320214    0.285764  0.281644  0.313624  0.319609  0.516218  0.482377  0.497024    0.294111  0.238360Pop011      1.073713  1.035847  1.215806  1.187125  1.136416  0.554739    0.688463  0.592806  0.547102  0.577437  0.000000  0.019132  0.003158    0.070850  0.065645  0.121544  0.037617  0.138856  0.169913  0.198254    0.082738  0.092737  0.069356  0.117437  0.103781  0.192960  0.864358    0.856002  0.853734  0.883038  0.882814  1.269708  1.262860  1.229362    0.660814  0.675405Pop012      1.066716  1.029155  1.201348  1.168438  1.121745  0.549742    0.669910  0.590264  0.548512  0.578476  0.019132  0.000000  0.015176    0.059894  0.039982  0.074593  0.021575  0.095810  0.163092  0.180403    0.074018  0.085058  0.064067  0.106096  0.092022  0.169742  0.900386    0.869706  0.893181  0.947517  0.939879  1.409445  1.418271  1.371345    0.641971  0.653953Pop013      1.028354  0.990306  1.173644  1.143124  1.093095  0.535676    0.660382  0.577053  0.526210  0.556865  0.003158  0.015176  0.000000    0.064766  0.048008  0.100628  0.027900  0.139177  0.156161  0.189876    0.083058  0.093832  0.070755  0.122803  0.104693  0.183547  0.873844    0.859611  0.856003  0.890215  0.886493  1.276486  1.277230  1.241441    0.641928  0.653696Pop014      1.077839  1.056157  1.139416  1.109690  1.062189  0.531553    0.657121  0.563631  0.551824  0.567146  0.070850  0.059894  0.064766    0.000000  0.048410  0.159309  0.014693  0.171273  0.147954  0.139236    0.068710  0.083478  0.059384  0.173676  0.163167  0.112642  0.801278    0.805765  0.841674  0.904679  0.916572  1.278986  1.339653  1.267981    0.648751  0.638809Pop015      0.805786  0.772387  0.938460  0.908310  0.870465  0.416652    0.507977  0.446330  0.420631  0.441218  0.065645  0.039982  0.048008    0.048410  0.000000  0.039946  0.016304  0.152519  0.132089  0.158725    0.076475  0.090847  0.074604  0.165502  0.143265  0.124530  0.723633    0.698193  0.699575  0.747848  0.744329  1.099988  1.116958  1.084701    0.544432  0.537543Pop016      0.847685  0.801921  1.034659  1.005929  0.970889  0.500463    0.586730  0.522439  0.502722  0.517932  0.121544  0.074593  0.100628    0.159309  0.039946  0.000000  0.082932  0.214755  0.249426  0.313234    0.173184  0.190385  0.176850  0.226182  0.196937  0.259929  0.758716    0.720234  0.711888  0.757793  0.746844  1.089414  1.094307  1.060769    0.566757  0.576983Pop017      0.980881  0.949522  1.087601  1.057268  1.012946  0.494868    0.609306  0.530827  0.505089  0.525342  0.037617  0.021575  0.027900    0.014693  0.016304  0.082932  0.000000  0.140155  0.143565  0.152472    0.063563  0.078408  0.055460  0.144773  0.127465  0.128315  0.804935    0.786742  0.808029  0.864512  0.863593  1.254965  1.290702  1.234284    0.604635  0.601900Pop018      1.111618  1.073272  1.212548  1.165667  1.134971  0.569597    0.682051  0.619880  0.573311  0.606352  0.138856  0.095810  0.139177    0.171273  0.152519  0.214755  0.140155  0.000000  0.212637  0.193847    0.121970  0.125471  0.115586  0.117477  0.115216  0.197489  0.960636    0.884961  0.991279  1.062846  1.090358  1.648849  1.602303  1.586420    0.715012  0.707376Pop019      0.653106  0.656342  0.716502  0.700111  0.659185  0.360931    0.422722  0.379013  0.325474  0.371171  0.169913  0.163092  0.156161    0.147954  0.132089  0.249426  0.143565  0.212637  0.000000  0.059234    0.121725  0.118791  0.117245  0.196948  0.201861  0.045139  0.759264    0.801874  0.754940  0.775155  0.793765  1.089515  1.166149  1.145345    0.669849  0.650061Pop020      0.690147  0.675006  0.774584  0.751621  0.709086  0.353657    0.404591  0.369796  0.344774  0.368164  0.198254  0.180403  0.189876    0.139236  0.158725  0.313234  0.152472  0.193847  0.059234  0.000000    0.089753  0.078606  0.083151  0.166491  0.167210  0.054883  0.734164    0.731340  0.731299  0.766014  0.763149  1.246955  1.287177  1.276914    0.593742  0.568303Pop021      0.796134  0.782033  0.849675  0.818749  0.787096  0.412047    0.494529  0.452178  0.411728  0.452590  0.082738  0.074018  0.083058    0.068710  0.076475  0.173184  0.063563  0.121970  0.121725  0.089753    0.000000  0.002845  0.002180  0.065857  0.067960  0.054740  0.754693    0.751523  0.755815  0.784399  0.786875  1.278161  1.259804  1.263948    0.567466  0.579774Pop022      0.780442  0.765000  0.830080  0.802455  0.770191  0.405771    0.487981  0.446481  0.407710  0.443788  0.092737  0.085058  0.093832    0.083478  0.090847  0.190385  0.078408  0.125471  0.118791  0.078606    0.002845  0.000000  0.004232  0.051406  0.054297  0.057372  0.733303    0.757054  0.760081  0.785475  0.794241  1.265539  1.244491  1.250489    0.552129  0.567317Pop023      0.830695  0.815298  0.895371  0.864529  0.830258  0.426817    0.516717  0.467729  0.426729  0.466698  0.069356  0.064067  0.070755    0.059384  0.074604  0.176850  0.055460  0.115586  0.117245  0.083151    0.002180  0.004232  0.000000  0.063626  0.065035  0.059490  0.782649    0.781992  0.787379  0.817375  0.820285  1.319768  1.303331  1.302549    0.591045  0.599788Pop024      0.803048  0.786322  0.861834  0.838075  0.808893  0.435022    0.529000  0.486746  0.449187  0.460312  0.117437  0.106096  0.122803    0.173676  0.165502  0.226182  0.144773  0.117477  0.196948  0.166491    0.065857  0.051406  0.063626  0.000000  0.006582  0.171238  0.645584    0.729717  0.763890  0.795804  0.839771  1.147115  1.133560  1.114301    0.479988  0.502094Pop025      0.825350  0.795789  0.902846  0.877525  0.845297  0.445897    0.534862  0.490686  0.454835  0.458372  0.103781  0.092022  0.104693    0.163167  0.143265  0.196937  0.127465  0.115216  0.201861  0.167210    0.067960  0.054297  0.065035  0.006582  0.000000  0.181262  0.650783    0.729032  0.767214  0.804400  0.842783  1.147410  1.135140  1.109988    0.455859  0.476748Pop026      0.640370  0.647362  0.654459  0.634652  0.604673  0.354811    0.409621  0.380026  0.332636  0.387860  0.192960  0.169742  0.183547    0.112642  0.124530  0.259929  0.128315  0.197489  0.045139  0.054883    0.054740  0.057372  0.059490  0.171238  0.181262  0.000000  0.785818    0.797194  0.770163  0.794004  0.801885  1.232386  1.282933  1.284474    0.659908  0.651662Pop027      0.625511  0.602809  0.708413  0.689735  0.671043  0.350042    0.374834  0.317640  0.418277  0.320214  0.864358  0.900386  0.873844    0.801278  0.723633  0.758716  0.804935  0.960636  0.759264  0.734164    0.754693  0.733303  0.782649  0.645584  0.650783  0.785818  0.000000    0.150887  0.152549  0.195030  0.250308  0.248698  0.278873  0.245494    0.216684  0.181265Pop028      0.542848  0.512959  0.743437  0.706540  0.690908  0.332839    0.334842  0.278730  0.353380  0.285764  0.856002  0.869706  0.859611    0.805765  0.698193  0.720234  0.786742  0.884961  0.801874  0.731340    0.751523  0.757054  0.781992  0.729717  0.729032  0.797194  0.150887    0.000000  0.021059  0.051772  0.056874  0.201267  0.178238  0.175486    0.291578  0.227698Pop029      0.504697  0.480634  0.679497  0.648844  0.631799  0.320741    0.319949  0.274388  0.337298  0.281644  0.853734  0.893181  0.856003    0.841674  0.699575  0.711888  0.808029  0.991279  0.754940  0.731299    0.755815  0.760081  0.787379  0.763890  0.767214  0.770163  0.152549    0.021059  0.000000  0.021595  0.025715  0.156636  0.143510  0.142693    0.302815  0.247952Pop030      0.514621  0.492852  0.701155  0.673797  0.655302  0.358121    0.354259  0.311887  0.365151  0.313624  0.883038  0.947517  0.890215    0.904679  0.747848  0.757793  0.864512  1.062846  0.775155  0.766014    0.784399  0.785475  0.817375  0.795804  0.804400  0.794004  0.195030    0.051772  0.021595  0.000000  0.012372  0.136983  0.120549  0.126556    0.376615  0.315960Pop031      0.506826  0.484112  0.704801  0.674860  0.656531  0.364088    0.348765  0.311159  0.359605  0.319609  0.882814  0.939879  0.886493    0.916572  0.744329  0.746844  0.863593  1.090358  0.793765  0.763149    0.786875  0.794241  0.820285  0.839771  0.842783  0.801885  0.250308    0.056874  0.025715  0.012372  0.000000  0.197532  0.167029  0.181798    0.416760  0.351963Pop032      0.682301  0.661663  0.846582  0.836693  0.817624  0.594893    0.614643  0.544982  0.614212  0.516218  1.269708  1.409445  1.276486    1.278986  1.099988  1.089414  1.254965  1.648849  1.089515  1.246955    1.278161  1.265539  1.319768  1.147115  1.147410  1.232386  0.248698    0.201267  0.156636  0.136983  0.197532  0.000000  0.018710  0.006565    0.560012  0.511450Pop033      0.633425  0.608146  0.818960  0.802404  0.787006  0.567853    0.580769  0.507228  0.567076  0.482377  1.262860  1.418271  1.277230    1.339653  1.116958  1.094307  1.290702  1.602303  1.166149  1.287177    1.259804  1.244491  1.303331  1.133560  1.135140  1.282933  0.278873    0.178238  0.143510  0.120549  0.167029  0.018710  0.000000  0.007191    0.559766  0.509412Pop034      0.670816  0.644184  0.855293  0.842156  0.824490  0.583809    0.604753  0.524082  0.597671  0.497024  1.229362  1.371345  1.241441    1.267981  1.084701  1.060769  1.234284  1.586420  1.145345  1.276914    1.263948  1.250489  1.302549  1.114301  1.109988  1.284474  0.245494    0.175486  0.142693  0.126556  0.181798  0.006565  0.007191  0.000000    0.535575  0.487339Pop035      0.562258  0.526503  0.637624  0.603389  0.584321  0.323145    0.342125  0.301675  0.364614  0.294111  0.660814  0.641971  0.641928    0.648751  0.544432  0.566757  0.604635  0.715012  0.669849  0.593742    0.567466  0.552129  0.591045  0.479988  0.455859  0.659908  0.216684    0.291578  0.302815  0.376615  0.416760  0.560012  0.559766  0.535575    0.000000  0.018256Pop036      0.509289  0.475555  0.608612  0.571164  0.554133  0.268180    0.278976  0.246777  0.308827  0.238360  0.675405  0.653953  0.653696    0.638809  0.537543  0.576983  0.601900  0.707376  0.650061  0.568303    0.579774  0.567317  0.599788  0.502094  0.476748  0.651662  0.181265    0.227698  0.247952  0.315960  0.351963  0.511450  0.509412  0.487339    0.018256  0.000000